20260622000005
20260622000021
20260622000054
20260622000078
20260622000092
20260622000099
20260622000100
20260622000139
20260622000157
20260622000159
20260622000180
20260622000221
20260622000223
20260622000231
20260622000235
20260622000236
20260622000240
20260622000241
20260622000251
20260622000257
20260622000266
20260622000280
20260622000299
20260622000302
20260622000308
20260622000309
20260622000317
20260622000324
20260622000328
20260622000339
20260622000343
20260622000362
20260622000369
20260622000383
20260622000392
20260622000394
20260622000395
20260622000404
20260622000415
20260623000017
20260623000018
20260623000019
20260623000051
20260623000062
20260623000084
20260623000139
20260623000168
20260623000188
20260623000212
20260623000234
20260623000265
20260623000269
20260623000274
20260623000277
20260623000279
20260623000294
20260623000304
20260623000311
20260623000313
20260623000321
20260623000348
20260623000352
20260623000382
20260623000387
20260623000394
20260623000404
20260623000409
20260623000412
20260623000413
20260623000416
20260623000421
20260623000423
20260623000424
20260623000426
20260623000427
20260624000047